max_epochs: 30
batch_size: 3
learning_rate: 0.000203228544324115
weight_decay: 1.2697111322756407e-05
f1: 24
k1: 3
last test_loss: [0.02253119]
test_loss: [[0.02333385]
 [0.02314581]
 [0.0236929 ]
 [0.02295127]
 [0.02270616]
 [0.02315   ]
 [0.02285658]
 [0.02278655]
 [0.02273299]
 [0.02274648]
 [0.02279917]
 [0.02250623]
 [0.02275136]
 [0.02263723]
 [0.02250395]
 [0.02256622]
 [0.02248597]
 [0.02246488]
 [0.02295468]
 [0.02267228]
 [0.02255344]
 [0.02250935]
 [0.02233908]
 [0.02258298]
 [0.02253194]
 [0.02258193]
 [0.02238296]
 [0.0221636 ]
 [0.02237473]
 [0.02253119]]
training time: h:0 m:9 s:17
